[1969. 1884. 3040. 2058. 2794. 4164. 2080. 4196. 1930. 1961. 2654. 2384.
 2730. 2162. 2062. 2031. 2118. 5120. 1508. 2080. 3722. 4876. 2460. 2892.
 4880. 1744. 5416. 2025. 2358. 2158. 2666. 1925.]
[3683.  2594.5 3893.5 3605.  3622.  4774.5 4150.  5482.  5392.  2557.5 5398.  4094.  3587.5 2727.  2909.  4287.  6878.  5614.5 2722.  5754. 4520.5 5636.  3364.  4252.  6450.  4636.  5977.5 6145.  4522.  2911.5 3290.  2422.5]
[6041.   3173.5  4275.75 4587.5  4094.25 5776.   4674.   7089.   7902. 7557.5  9056.   4960.   4717.5  6027.   3592.   8903.   9106.   6778.5 3408.5  7005.   8112.5  6271.5  3941.   5076.   7246.5  5726.   7229.5 6862.   5124.5  3876.5  4397.   3542.5 ]
[ 6677.    3988.5   7427.75  5600.5   6274.25  8570.    5988.    7723.
  9083.    8312.5  11610.   10164.    9069.5   8083.    4566.5   9431.5
  9886.5   7500.5   5442.5   7841.    9249.5   7559.5   9149.   10248.
 13494.5  10358.   11405.5   8329.    6501.5   5357.5   5291.5   4380.5 ]
[ 7429.    4698.5  12687.75  7038.5   8594.25 10784.    7960.   11663.
 11153.   11880.5  15810.   14896.    9742.5   8825.5   8754.5  12911.5
 10290.75  8867.5   6769.5   9646.   11885.5  10743.5  13393.   12924.
 14851.5  11411.   13147.5  10314.    9881.5   7775.5   8179.5   5197.5 ]
[10191.    6982.5  14305.75 12182.5  12368.25 13844.   13336.   15481.
 16193.   15796.5  20526.   16265.   12894.5  12493.5  12658.5  16245.5
 11455.75  9460.    7903.5  11124.   16209.5  12593.5  16751.   13998.
 16597.5  12525.   13975.   11924.   10497.5  10889.5  12515.5   6122.5 ]
[15967.    7652.   16158.75 16406.5  13280.25 15381.   14785.   19681.
 17833.   17988.5  21239.   17422.   16726.5  13743.5  13552.   17165.
 14153.75 11116.   11969.5  13222.   20477.5  13344.5  21391.   14780.5
 17554.5  16673.   18947.   17028.   16765.5  15173.5  15967.5  11146.5 ]
[17925.   12652.   16934.75 19688.5  14361.25 20285.   15785.   23627.
 20627.   21484.5  23033.   19017.   20456.5  20439.5  16676.   18327.
 15444.75 12021.   14223.5  14220.   25837.5  18228.5  22014.5  16503.5
 22358.5  21841.   20296.   21836.   17771.   17161.5  20319.5  14852.5 ]
[24897.   14788.   21442.75 21368.5  16507.25 23491.   16934.   24827.
 23351.   23792.5  24281.   21279.   22794.5  23113.5  18211.   19848.
 17097.75 14977.   17241.5  15728.   28561.5  21988.5  24984.5  21607.5
 25996.5  25437.   23434.   23693.   23107.   18234.5  24659.5  20284.5 ]
[25688.   16621.   22603.75 22576.5  17430.75 26033.   18259.   27041.
 26679.   27852.5  25668.   22944.   23524.5  24284.5  24035.   25296.
 18403.75 15658.   19911.5  20476.   31207.5  24470.5  26217.5  23177.5
 28412.5  26412.   28070.   28065.   24105.5  19319.5  30795.5  23090.5 ]
[27671.   17639.   25649.75 24013.5  18630.75 27448.   20783.   28304.
 31519.   30058.5  26716.   25248.   24895.5  25909.5  25166.   26690.
 19435.75 18914.   20989.5  22754.   36287.5  32758.5  28022.5  25184.5
 35032.5  33604.   33894.   29194.   25327.5  20531.5  35907.5  29382.5 ]
[28783.   18585.5  31889.75 27529.5  19822.75 28612.   26707.   29960.
 32221.   32676.5  33232.   28754.   25752.   29839.5  31054.   29436.
 24475.75 20182.   22162.5  24718.   38221.5  33396.   28975.5  32212.5
 38706.5  34570.5  43046.   35578.   27182.5  22290.5  39093.5  35002.5 ]
[30525.   21583.5  40161.75 28759.5  20894.75 29306.5  27987.   33026.
 33618.   34536.5  34717.   36110.   27017.   34539.5  33656.   30688.
 25334.75 23646.   29330.5  25534.   43709.5  33913.   31461.5  33094.
 44022.5  39858.5  52350.   45474.   29282.5  23322.5  40595.5  37398.5 ]
[38617.   23044.5  47425.75 30367.5  30926.75 30548.5  29945.   43842.
 35225.   36574.5  35903.   37197.   39193.   36462.5  37640.   32265.
 28818.75 32654.   32432.5  28256.   45873.5  36291.   34119.5  39930.
 45929.5  42592.5  60390.   47466.   30672.5  24319.   42379.5  51270.5 ]
[44749.   27756.5  50273.75 31405.5  33058.75 31931.5  31383.   46062.
 44017.   38202.5  37750.   38950.   41629.   37856.5  42232.   38813.
 32574.75 42854.   37984.5  29723.   54609.5  52195.   35251.5  43272.
 47735.5  50496.5  61393.5  60282.   33262.5  25687.   43939.5  59042.5 ]
[49501.   35180.5  52320.75 32945.5  34595.75 41859.5  33977.   56190.
 50929.   41664.5  39384.   40854.   54261.   43180.5  45150.   40407.
 47606.75 44787.   42756.5  43235.   57933.5  54985.   41431.5  44638.
 50251.5  66120.5  79953.5  62362.   34736.5  27299.   46003.5  65358.5 ]
[54161.   36729.5  54266.75 40049.5  36342.75 56531.5  36041.   57357.
 52589.   42512.5  42334.   43120.   61481.   44943.5  47214.   59463.
 66790.75 58499.   52020.5  52155.   59515.5  56714.   45959.5  46194.
 53259.5  81472.5  81789.5  63743.   49048.5  28380.   54211.5  67908.5 ]
[55493.   50161.5  56632.75 42195.5  40882.75 58267.5  45257.   60919.
 53870.   44616.5  43942.   54880.   63949.   48257.5  50932.   60562.
 79862.75 60677.   53299.5  54425.   63207.5  61118.   53283.5  51218.
 54212.5  83936.5  83453.5  66617.   60608.5  31926.   57081.5  73296.5 ]
[67413.   52519.5  65248.75 44175.5  47162.75 61327.5  49733.   74519.
 63190.   47406.5  45341.   56192.   70009.   51943.5  57064.   62796.
 80828.75 64359.   55395.5  55674.   70995.5  65230.   54661.5  55594.
 58868.5  86116.5  84937.5  67884.   79072.5  36310.   69609.5  80144.5 ]
[85157.   54164.5  73688.75 50123.5  49640.75 62523.5  55041.   77599.
 66132.   65342.5  46651.   60716.   70636.   62119.5  58312.   79100.
 82373.75 65555.   62755.5  56499.   71839.   66420.   61825.5  59698.
 67140.5  88350.5  87133.5  69126.   90784.5  39544.   75537.5  91776.5 ]
[ 97101.    68492.5   75652.75  51550.5   68008.75  77499.5   58479.
  81615.    71756.    69062.5   47568.    67764.    71591.    66383.5
  63020.    81576.    85123.75  79659.    63637.    58749.    85671.
  68518.    63947.5   66298.    67762.5   91252.5   90963.5   79606.
  93830.5   42780.    84593.5  106456.5 ]
[100691.    80316.5   87492.75  59158.5   73232.75  78620.5   66347.
  95823.    72746.    80502.5   57352.    80492.    83983.    72207.5
  75484.    84734.    86189.75  87275.    64545.    60444.    88325.
  76470.    67061.5   66951.5   71018.5   95956.5   93715.5   95990.
  95404.5   47988.    90105.5  110310.5 ]
[103103.   100588.5  103108.75  70830.5   74246.75  79998.5   67475.
 101759.    78462.    89750.5   58226.5   82586.    88263.    92831.5
  76333.    86655.    87842.75  91991.    66639.    61234.5   90593.
  78556.    67917.    68056.5   78250.5   97934.5   95526.5  107310.
  99824.5   49519.    90937.   112212.5 ]
[105267.   101708.5  105394.75  75498.5   79566.75  95214.5   73111.
 103545.    80244.    90765.    73754.5   86950.    90103.   109215.5
  86405.    94595.    94894.75 115703.    68082.    64520.5   94149.
  80610.    69523.    86312.5   79100.   100492.5  100050.5  108378.
 101226.5   50859.    93173.   122404.5 ]
